0.12080977112054825
0.30718013644218445
0.35906779766082764
0.32289183139801025
0.3093811571598053
0.4661046266555786
0.2503599524497986
0.24576473236083984
0.4735342562198639
0.34801024198532104
0.3173232972621918
0.3661211133003235
0.44158387184143066
0.22678175568580627
0.3843005299568176
0.3762845993041992
0.4280371069908142
0.4790811836719513
0.3671106696128845
0.47535067796707153
0.4211452901363373
0.49329644441604614
0.4071184992790222
0.5096985697746277
0.41787004470825195
0.418653279542923
0.523686408996582
0.4738658368587494
0.40812045335769653
0.4217855930328369
0.40331560373306274
0.5411033630371094
0.3383544087409973
0.38576778769493103
0.43727385997772217
0.3590412139892578
0.4706536531448364
0.5025357007980347
0.4326091408729553
0.42227280139923096
0.485262006521225
0.559776246547699
0.47437411546707153
0.43752777576446533
0.5360442996025085
0.5121753215789795
0.4810176193714142
0.515842854976654
0.5456041097640991
0.4932137727737427
