3.1985154151916504
2.5992274284362793
1.879022240638733
1.7861779928207397
1.7403051853179932
2.567634105682373
1.5011409521102905
2.002267360687256
1.9375677108764648
1.2688376903533936
1.731406807899475
2.4042181968688965
1.1444990634918213
1.8677695989608765
1.6192070245742798
1.5442129373550415
1.3785769939422607
1.984126329421997
1.7682406902313232
1.5892152786254883
1.7257957458496094
1.7297261953353882
1.24180269241333
1.1863327026367188
1.6503509283065796
2.1197409629821777
1.462192416191101
1.6804863214492798
1.5073490142822266
1.5729786157608032
1.6591336727142334
1.342368721961975
1.5697673559188843
1.728369116783142
1.5369898080825806
1.6478846073150635
1.3448492288589478
1.7025638818740845
1.4416491985321045
1.4291824102401733
1.29323410987854
1.651381254196167
1.24540376663208
1.4046604633331299
1.2859796285629272
1.2863202095031738
1.3536553382873535
1.6370909214019775
1.3544275760650635
1.3268855810165405
