-4.881961822509766
0.746208667755127
1.1036391258239746
-4.377608776092529
0.4060838222503662
2.345370054244995
0.5426310300827026
0.1738927662372589
-1.6970924139022827
-1.7315109968185425
-0.7258614897727966
0.5793809294700623
2.8847272396087646
0.8481363654136658
1.8781665563583374
-1.6826976537704468
3.659714460372925
2.6213481426239014
-1.727551817893982
-0.3902764618396759
-0.5969832539558411
0.4457471966743469
0.13511650264263153
1.1357862949371338
2.708861827850342
1.7850826978683472
-0.4211297929286957
-0.5175525546073914
-0.8716487288475037
-0.03730738162994385
-1.370810866355896
-1.563620686531067
-0.06325200200080872
0.0007323563331738114
0.6413819193840027
0.5982999205589294
-0.2942161560058594
-0.47227078676223755
0.23257394134998322
-0.039202284067869186
-0.21636997163295746
-0.9482356309890747
-0.27589744329452515
-0.8671721816062927
-0.32351839542388916
-0.27259016036987305
-0.2393680363893509
-0.4162750840187073
-0.28178998827934265
0.45787057280540466
-0.1294696182012558
-0.6209098696708679
-0.3152328133583069
0.9298047423362732
-1.0383930206298828
-0.038889866322278976
0.8251811861991882
-1.244844675064087
-0.1731264442205429
-0.1895180493593216
0.4729543626308441
0.10195659846067429
0.39539843797683716
-0.05044006183743477
-0.11242051422595978
-0.1685272455215454
-1.2432024478912354
0.40449023246765137
0.10240250080823898
0.3205719590187073
-0.04112862050533295
-0.27513962984085083
-0.25373584032058716
-0.3061370551586151
-0.04557987302541733
-0.9645649194717407
0.14781950414180756
0.10104459524154663
0.13719558715820312
0.046427447348833084
0.3120691478252411
0.3453524112701416
0.17192824184894562
0.6666674613952637
0.6900986433029175
-0.6639998555183411
0.1581033170223236
0.2150893658399582
0.23827050626277924
0.3793836534023285
-0.10167369991540909
-0.7265179753303528
0.2601197063922882
0.43552786111831665
-0.18322937190532684
-0.7322476506233215
0.3348025679588318
0.05753844976425171
-0.20096628367900848
-0.15015867352485657
-0.21432004868984222
-0.23675456643104553
-0.32877272367477417
0.1781281977891922
-0.5221570134162903
-0.4991156756877899
0.13826251029968262
0.2698611319065094
0.331356018781662
0.1958640068769455
0.05436181649565697
0.048227109014987946
0.21289841830730438
0.5868759751319885
-0.1267745941877365
0.03205126151442528
-0.04960295557975769
0.19927683472633362
-0.4309345781803131
0.11323685944080353
0.22879262268543243
0.1776765137910843
-0.08257472515106201
-0.1631687432527542
0.02979174256324768
0.0495854876935482
0.5240280032157898
-0.31723552942276
-0.1921972781419754
-0.31987977027893066
0.16318415105342865
0.2901484966278076
0.28158172965049744
0.31342050433158875
-0.18460766971111298
-0.3094714283943176
-0.03229544684290886
-0.3583865761756897
0.19718368351459503
0.4069931209087372
-0.20606136322021484
0.10275419056415558
-0.0009069711086340249
-0.018573159351944923
-0.10152848064899445
0.3546083867549896
0.3042793571949005
-0.10290145874023438
-0.1820404827594757
-0.2908782660961151
-0.2728128135204315
-0.02671685814857483
-0.003156036138534546
-0.45052024722099304
-0.3781803250312805
-0.12533383071422577
0.11128880828619003
-0.4509532153606415
0.2676503360271454
0.08055911213159561
-0.1645408719778061
-0.1378384679555893
-0.059848394244909286
-0.17725710570812225
-0.43920907378196716
0.07642152160406113
-0.1682341992855072
-0.23108473420143127
0.17529746890068054
0.11737371981143951
0.07950269430875778
-0.004795122426003218
0.18144167959690094
-0.09672751277685165
-0.09358365088701248
0.07787402719259262
-0.23001427948474884
-0.07984192669391632
0.13484473526477814
0.1642286777496338
-0.13596013188362122
0.09019232541322708
-0.09540174156427383
-0.1398010104894638
0.03143440559506416
0.009852289222180843
0.07521162182092667
-0.15450923144817352
-0.09969525039196014
0.14953842759132385
-0.004781280644237995
-0.048995982855558395
0.27512264251708984
0.17665845155715942
0.041899241507053375
-0.03956780582666397
0.0034987390972673893
0.21145501732826233
-0.12985077500343323
0.03255707025527954
0.1313944309949875
-0.07456596940755844
0.013048953376710415
0.10615010559558868
0.18348532915115356
0.31775033473968506
-0.20841257274150848
0.014344954863190651
0.34604328870773315
0.04295281320810318
0.05989256128668785
-0.21293459832668304
0.35283005237579346
0.2375384122133255
0.15997004508972168
0.10552916675806046
0.11387969553470612
0.003962582442909479
0.10396292060613632
0.13560079038143158
0.25289469957351685
0.1596740037202835
0.11121523380279541
0.10870788246393204
0.12228300422430038
0.027101177722215652
0.04557636380195618
0.07718240469694138
0.18058112263679504
-0.09325527399778366
-0.10928087681531906
-0.08774188160896301
0.2104373723268509
0.2185906618833542
0.2708664536476135
0.22038276493549347
-0.24278227984905243
-0.018816089257597923
-0.0038763403426855803
0.09366267174482346
-0.07328761368989944
-0.03415195271372795
-0.046188514679670334
0.2873404920101166
0.10575494915246964
0.029278546571731567
-0.02533910982310772
-0.12393391132354736
0.052809085696935654
0.18789319694042206
0.14418601989746094
0.04989403486251831
-0.05293753370642662
-0.032997678965330124
-0.13557688891887665
0.017285939306020737
0.10824394226074219
0.10733921825885773
0.12489225715398788
0.07876869291067123
0.05331781506538391
0.10970091074705124
-0.01692037284374237
0.08706539869308472
0.042660824954509735
0.024888748303055763
-0.15204083919525146
0.1594909280538559
0.16034428775310516
0.16705946624279022
-0.03444351628422737
0.09476441144943237
0.08428434282541275
-0.25524330139160156
-0.11671143025159836
0.12980906665325165
-0.15702718496322632
0.22249352931976318
0.13466662168502808
-0.009766817092895508
-0.022876372560858727
0.14701586961746216
-0.009181243367493153
0.07925963401794434
0.09458637237548828
0.03895396366715431
-0.08053694665431976
0.08568047732114792
-0.09228824824094772
0.050402164459228516
0.007567042019218206
0.14609916508197784
-0.14993618428707123
-0.01943650282919407
-0.03514305502176285
-0.017933018505573273
-0.13511145114898682
-0.06962660700082779
0.046034157276153564
-0.2349867820739746
