-4.459660530090332
-11.060626029968262
-17.755008697509766
-9.272689819335938
-1.4440064430236816
-3.3368470668792725
-2.2883999347686768
-3.5005693435668945
-5.511406421661377
-3.5673017501831055
-3.487511157989502
-3.8576011657714844
-9.897220611572266
-4.939255714416504
-7.172208786010742
-2.0936975479125977
-5.8399338722229
-6.328068733215332
-3.7566637992858887
-3.809962034225464
-1.9934449195861816
-5.355265140533447
-4.334863662719727
-2.4431309700012207
-5.297613620758057
-4.936023235321045
-4.1666951179504395
-3.8261191844940186
-3.5004100799560547
-2.6546411514282227
-3.5182101726531982
-2.5342698097229004
-3.1809439659118652
-3.452948808670044
-3.247462749481201
-4.262838840484619
-3.8229904174804688
-4.180616855621338
-4.124105930328369
-3.5937836170196533
-3.3550519943237305
-3.2489848136901855
-3.476133346557617
-3.746643304824829
-3.906398296356201
-3.796792507171631
-3.931121349334717
-3.517146110534668
-3.7511234283447266
-2.9261868000030518
-3.918811559677124
-3.0734097957611084
-3.018522024154663
-3.1455047130584717
-2.2320125102996826
-2.709805965423584
-3.2248029708862305
-2.9898037910461426
-2.7192370891571045
-2.2825121879577637
-2.949063777923584
-2.420036792755127
-2.917278528213501
-2.7875125408172607
-2.7291624546051025
-2.9738035202026367
-1.79356050491333
-2.463075876235962
-2.5963714122772217
-2.800449848175049
-1.3978627920150757
-2.0716147422790527
-1.362547516822815
-1.9243849515914917
-2.131321907043457
-1.5181866884231567
-2.0474588871002197
-1.517946481704712
-2.215672016143799
-2.148897409439087
-2.1805596351623535
-2.2330563068389893
-2.042518377304077
-2.1590428352355957
-2.1743228435516357
-1.4580488204956055
-1.8569281101226807
-1.8283295631408691
-2.3819515705108643
-2.1775801181793213
-1.9535408020019531
-1.9723587036132812
-2.1444554328918457
-1.9248920679092407
-2.210531711578369
-1.8305716514587402
-2.37786865234375
-2.1156604290008545
-2.2333824634552
-2.5175483226776123
-1.966874361038208
-1.3632246255874634
-2.287799835205078
-2.864854097366333
-2.071021318435669
-2.2191381454467773
-2.176940679550171
-2.3053882122039795
-2.457606315612793
-2.101726770401001
-2.0217275619506836
-2.1100270748138428
-2.20206618309021
-2.5948731899261475
-2.156672954559326
-2.1530845165252686
-2.43942928314209
-2.120736598968506
-2.0172829627990723
-2.172287702560425
-2.1221489906311035
-2.2724711894989014
-2.217241048812866
-1.9191213846206665
-1.9150696992874146
-2.218230724334717
-2.4936208724975586
-1.7418501377105713
-1.7433053255081177
-1.960831642150879
-2.2335357666015625
-2.3158819675445557
-2.249574899673462
-1.9873018264770508
-1.7964298725128174
-1.6886444091796875
-2.1318485736846924
-1.9060568809509277
-2.2242140769958496
-1.8773854970932007
-1.9820196628570557
-2.1731116771698
-1.8532763719558716
-1.7460132837295532
-2.0163238048553467
-2.3909647464752197
-2.278968095779419
-1.7746012210845947
-1.9138978719711304
-1.8903506994247437
-1.7102084159851074
-1.6556421518325806
-1.8907781839370728
-1.508744716644287
-1.8535441160202026
-1.906110405921936
-1.8423805236816406
-1.4309556484222412
-1.9939813613891602
-1.794939398765564
-1.6485514640808105
-1.7614585161209106
-1.9614555835723877
-1.701446771621704
-1.4494471549987793
-1.9136172533035278
-1.630427360534668
-1.4497909545898438
-1.559689998626709
-1.8403888940811157
-1.8625216484069824
-1.4859049320220947
-1.853786826133728
-1.5190050601959229
-1.8270580768585205
-2.0621085166931152
-1.6692568063735962
-1.521663784980774
-1.5912446975708008
-1.666304588317871
-1.2875877618789673
-1.7339178323745728
-1.735768437385559
-1.532909631729126
-1.673978567123413
-1.744673490524292
-1.7655279636383057
-1.4933501482009888
-1.8385405540466309
-1.7569859027862549
-1.6804633140563965
-1.529026746749878
-1.4756280183792114
-1.7862684726715088
-1.4740259647369385
-1.4721511602401733
-1.592985987663269
-1.7282843589782715
-1.3559277057647705
-1.5891902446746826
-1.4861897230148315
-1.4677858352661133
-1.6510244607925415
-1.702380895614624
-1.7100603580474854
-1.5188894271850586
-1.450972557067871
-1.619335651397705
-1.6573193073272705
-1.5107933282852173
-1.676516056060791
-1.3405240774154663
-1.8028135299682617
-1.7294217348098755
-1.54259192943573
-1.5506080389022827
-1.6158616542816162
-1.4708631038665771
-1.6149483919143677
-1.7905464172363281
-1.6053991317749023
-1.5515004396438599
-1.6201585531234741
-1.7189348936080933
-1.6229876279830933
-1.3711330890655518
-1.4846208095550537
-1.4309473037719727
-1.6084104776382446
-1.47934889793396
-1.2717373371124268
-1.4315167665481567
-1.6446670293807983
-1.6938647031784058
-1.6843262910842896
-1.436886191368103
-1.2176463603973389
-1.4176509380340576
-1.6435046195983887
-1.6915122270584106
-1.4473273754119873
-1.6034324169158936
-1.3739242553710938
-1.5844273567199707
-1.43706214427948
-1.4293566942214966
-1.1717989444732666
-1.4630032777786255
-1.52455472946167
-1.6175355911254883
-1.3618319034576416
-1.492897391319275
-1.446280598640442
-1.2774171829223633
-1.3838659524917603
-1.5139312744140625
-1.517354965209961
-1.156296730041504
-1.3347636461257935
-1.7614113092422485
-1.4020332098007202
-1.4603192806243896
-1.4678075313568115
-1.4543876647949219
-1.6189265251159668
-1.3109090328216553
-1.1768513917922974
-1.494408130645752
-1.4811893701553345
-1.4371838569641113
-1.2141367197036743
-1.4046509265899658
-1.577237844467163
-1.0805158615112305
-1.5367228984832764
-1.1811730861663818
-1.2124855518341064
-1.321435809135437
-1.2487696409225464
-1.1514828205108643
-1.3383930921554565
-1.4402490854263306
-1.189319133758545
-1.3571587800979614
-1.3019416332244873
-1.1893607378005981
-1.1338163614273071
-1.4586342573165894
-1.5534212589263916
-1.3138824701309204
-1.263206958770752
-1.402519941329956
-1.3047716617584229
-1.2860829830169678
-1.2787705659866333
-1.1405510902404785
-1.4210737943649292
-1.2062338590621948
-1.2009520530700684
-1.030807375907898
